Nzi = 1000
Nt = 829
Ne = 128
Lz = 15.000000
Lzi = 15.000000
Tend = 7.000000
Delta = 0.600000
Ib = 0.010000
dz = 0.100671
dt = 0.015015
tol = 1e-09
INTT = 1
INTZ = 1
a0 = 0.100000
