Nzi = 2801
Nt = 555556
Ne = 128
Lz = 38.000000
Lzi = 28.000000
Tend = 2000.000000
Delta = 0.000000
Ib = 0.002700
dz = 0.100000
dt = 0.010000
tol = 1e-09
INTT = 1
INTZ = 1
a0 = 0.100000
